5
35 29 179 111 19 145
183 22 305 22 305 80 183 80
232 49 361 49 361 178 232 178
137 94 188 156 112 164
79 144 129 143 129 193 79 193
2
20 20 30 20 30 30 20 30
40 40 40 50 50 50 50 40
2
20 20 30 20 30 30 20 30
30 30 40 30 40 40 30 40
3
20 20 40 20 40 40 20 40
50 30 60 20 70 50
60 40 50 30 30 50
4
0 0 50 0 50 50
50 50 100 100 100 50
100 100 150 100 150 150
50 50 50 100 0 100
4
0 0 100 0 100 100 0 100
100 50 150 50 150 150 100 150
100 10 130 10 130 40 100 40
130 30 150 10 150 40
4
0 0 90 0 90 90 0 90
100 50 150 50 150 150 100 150
100 10 130 10 130 40 100 40
130 30 150 10 150 40
4
0 0 90 0 90 90 0 90
100 50 150 50 150 150 100 150
100 10 130 10 130 40 100 40
135 30 150 10 150 40
2
25 0 75 0 75 100 25 100
0 25 100 25 100 75 0 75
2
25 0 75 0 75 100 25 100
50 50 50 85 85 85 85 50
2
0 0 100 0 100 100 0 100
40 40 60 40 60 60 40 60
5
0 0 100 0 100 100 0 100
10 10 90 10 90 90 10 90
20 20 80 20 80 80 20 80
30 30 70 30 70 70 30 70
40 40 60 40 60 60 40 60
13
0 0 100 0 100 100 0 100
10 10 90 10 90 90 10 90
20 20 80 20 80 80 20 80
30 30 70 30 70 70 30 70
40 40 60 40 60 60 40 60
25 0 75 0 75 100 25 100
50 50 50 85 85 85 85 50
25 0 75 0 75 100 25 100
0 25 100 25 100 75 0 75
0 0 100 0 100 100 0 100
100 50 150 50 150 150 100 150
100 10 130 10 130 40 100 40
130 30 150 10 150 40
4
0 30 50 50 0 70
100 30 50 50 100 70
30 100 50 50 70 100
30 0 50 50 70 0
4
0 30 45 50 0 70
100 30 50 55 100 70
30 100 50 55 70 100
30 0 45 50 70 0
4
0 30 45 50 0 70
100 30 55 50 100 70
30 100 50 55 70 100
30 0 50 45 70 0
5
0 30 45 50 0 70
100 30 55 50 100 70
30 100 50 55 70 100
30 0 50 45 70 0
40 40 60 40 60 60 40 60
5
0 30 45 50 0 70
100 30 55 50 100 70
30 100 50 55 70 100
30 0 50 45 70 0
45 45 55 45 55 55 45 55
5
0 30 45 50 0 70
100 30 55 50 100 70
30 100 50 55 70 100
30 0 50 45 70 0
49 49 51 49 51 51 49 51
8
0 30 50 50 0 70
100 30 50 50 100 70
30 100 50 50 70 100
30 0 50 50 70 0
20 30 50 50 20 70
80 30 50 50 80 70
30 80 50 50 70 80
30 20 50 50 70 20
8
0 30 50 50 0 70
100 30 50 50 100 70
30 100 50 50 70 100
30 0 50 50 70 0
10 40 50 50 10 60
90 40 50 50 90 60
40 90 50 50 60 90
40 10 50 50 60 10
8
0 30 45 50 0 70
100 30 55 50 100 70
30 100 50 55 70 100
30 0 50 45 70 0
10 40 45 50 10 60
90 40 55 50 90 60
40 90 50 55 60 90
40 10 50 45 60 10
4
0 0 20 0 20 80 0 80
0 80 80 80 80 100 0 100
100 100 80 100 80 20 100 20
100 0 20 0 20 20 100 20
5
0 0 20 0 20 80 0 80
0 80 80 80 80 100 0 100
100 100 80 100 80 20 100 20
100 0 20 0 20 20 100 20
40 40 40 60 60 60 60 40
6
0 0 20 0 20 80 0 80
0 80 80 80 80 100 0 100
100 100 80 100 80 20 100 20
100 0 20 0 20 20 100 20
40 40 40 60 60 60 60 40
30 30 30 70 70 70 70 30
19
20 39 18 17 2 4 2 7 16 32 6 21
157 128 153 144 172 139 168 138 177 116 169 135
51 155 39 154 65 166 61 173 70 158
2 163 5 161 9 190 3 164 5 177 3 170
105 44 123 43 136 64 130 60 145 81
189 7 177 18 198 33 188 58 162 59 141 42
67 150 77 170 93 164 88 143 78 117
29 105 38 100 16 106 38 119
0 116 7 94 27 85
70 51 86 26 87 10 82 15 65 8 55 16
10 18 30 1 42 2 62 13
105 87 119 108 140 118 164 132 190 128 168 117
150 147 168 137 175 124
55 130 67 129 54 136
50 129 47 132 23 128 19 137 47 144
157 180 152 163 135 183 142 179
22 50 24 31 19 54 22 55 3 67 28 62
103 45 109 41 131 43
169 109 187 90 169 114
5
157 126 174 150 156 161 185 160 183 131
16 79 29 56 15 64 3 66 13 39 42 35
95 34 84 7 92 1 87 14 101 21
21 121 17 123 26 129 45 110 22 97
90 35 92 22 96 5 89 21 66 31
5
90 44 87 70 102 82 82 76 78 66
103 107 94 120 75 114 71 96
184 29 189 9 194 9
77 161 89 172 82 166
126 25 148 18 159 41 150 44 151 37
13
166 36 168 23 189 24 198 37 199 45 180 40
103 197 116 195 117 190 134 185 163 189 173 193
121 28 112 11 98 23 93 19 102 42 104 39
143 177 145 164 149 163 133 139 155 152 176 143
95 184 79 178 60 180
68 42 86 48 90 35 84 13
88 3 85 6 101 25 105 30
6 66 22 89 43 107
37 168 66 161 66 138 60 162
53 130 57 145 55 137 76 122 53 113 48 89
70 65 75 43 83 46
14 135 14 160 6 139 13 135 8 116
57 82 67 78 55 54 43 46
19
150 166 129 153 116 146 102 141
196 94 181 114 175 130 163 123 157 95
177 171 186 167 195 153 195 141 192 137
151 65 145 43 158 42 165 35 176 37 186 55
119 139 118 158 127 165 135 160
3 39 13 64 9 68
140 197 159 192 159 173 133 181 158 186 130 186
167 143 153 162 159 175 174 156 199 150 181 149
141 75 138 51 125 73 114 64 91 77
4 121 11 93 15 114 30 124 27 126
89 174 105 192 107 187 118 180
161 127 140 112 150 124
138 70 150 91 165 71 188 88 188 71 162 70
191 192 173 174 177 152
11 82 39 80 59 100 76 77 93 85 94 63
10 101 32 90 14 98
139 60 131 35 131 23
10 81 19 54 5 35 7 46
80 26 81 16 66 36 92 32
19
120 114 144 132 139 132
92 50 86 70 106 86 96 90 79 76 61 77
183 156 171 148 158 131 163 106
60 187 55 186 37 192 15 188 7 167 8 157
50 157 66 141 89 142 111 126 107 149
188 136 198 117 194 102
59 128 83 144 105 158
23 83 35 66 40 65 25 54 2 46
7 149 31 150 29 146 12 129 25 135 42 155
95 27 75 38 69 44 43 51 43 63 58 55
19 68 29 58 9 42
110 54 91 58 96 82
91 143 70 144 68 151 50 163
57 124 45 136 60 126 64 109 36 102
133 6 125 14 133 30 147 46
136 73 151 62 136 45 117 62
84 146 88 136 82 117 56 108 58 123 80 139
183 59 167 68 184 56 184 27 199 49
55 7 43 33 35 51 16 74
7
95 144 76 144 102 138
8 160 23 138 33 119 21 101 4 109 4 135
194 11 188 36 177 48 174 20
159 24 155 38 167 46 193 58
47 197 70 187 61 169 63 182
1 98 2 80 12 78 35 96 60 104 56 103
196 182 173 190 174 197
9
188 129 187 115 167 100 162 80 139 77 117 62
64 43 86 30 97 16
55 58 54 61 73 67 71 64
129 123 109 104 138 111
118 130 124 101 141 122 148 101 164 125
171 196 195 181 199 186
82 189 95 195 120 188
105 87 115 72 112 78 136 82
178 109 172 86 186 95 199 91
10
100 94 108 95 96 115 108 115 110 117 110 94
176 58 174 68 198 84 199 82 194 76 197 48
99 96 123 90 128 62 137 72 149 88
151 53 175 59 157 45
129 60 148 72 161 99
53 54 37 75 62 81 40 84 22 62
54 120 32 136 58 133 68 107
42 164 61 158 50 141
23 166 15 193 15 191 7 179
19 148 5 135 31 140
16
10 2 18 7 26 18 16 11 16 27
113 109 131 93 153 94 154 71 144 55
84 3 83 24 88 38
156 163 135 173 145 170
47 70 61 63 74 36 78 63
52 39 49 38 40 41 59 64 63 75
34 17 54 3 43 2 19 5
68 60 49 76 36 60 53 42 55 61
35 153 30 181 27 199 19 180
169 160 165 139 181 118 179 110 188 124 190 137
97 128 106 103 101 98 94 79 119 81
40 110 19 96 22 90 43 98 70 88 90 93
193 40 172 49 181 58
117 90 89 96 91 93 85 70
89 49 70 54 65 51 77 65 96 66 124 75
108 3 111 4 131 4 152 18
19
91 31 78 18 69 44 70 47
105 102 117 122 138 101 116 119
1 191 12 191 33 185
200 152 184 151 174 149 190 149
188 186 179 164 192 180 191 184
151 182 137 188 128 185 129 194
128 177 106 183 99 195 91 169
32 148 41 149 46 168 41 170
145 157 131 146 145 168 152 165
73 19 83 6 81 14 91 16 98 31 113 43
192 117 185 97 191 86
193 106 176 126 167 150
96 53 87 81 97 53 120 54 133 41 148 17
45 170 58 168 74 178 60 179
144 127 157 144 175 126 187 136 198 136 174 123
57 91 54 76 36 76 44 68 61 73
191 183 174 181 183 167
145 43 143 42 132 65
74 26 51 20 65 34 51 27 27 29 14 6
15
145 17 155 7 172 8
161 153 157 174 150 145
158 127 162 133 157 151
176 132 162 145 181 152 189 178 199 184
178 120 162 145 169 166
133 41 117 56 115 75
74 68 78 73 53 62 46 65 22 74 27 46
127 106 100 113 97 113 92 103 98 106 107 107
65 32 66 9 87 3
38 157 58 164 35 161 51 182 74 170 102 170
193 36 181 53 168 62 171 83 188 91
125 20 138 11 123 22 110 34 109 31
188 42 183 65 162 71
77 181 85 191 113 182 86 178 73 177
187 81 192 110 185 107 176 118
15
90 165 95 191 97 186 119 195 103 199 84 199
51 64 35 42 22 64
180 7 181 27 172 48 194 38 195 27 190 29
169 122 163 138 155 147 170 133
48 9 45 14 63 23 43 14 27 30 13 7
112 114 138 107 131 99 125 90
90 196 116 190 90 186 73 185
5 95 11 81 7 55 7 58
102 144 121 133 133 140 146 162 153 162 156 190
39 119 24 131 10 150
6 147 12 158 30 145 45 168 54 142 42 126
96 107 101 121 111 103
153 15 170 2 151 24 135 20
20 71 2 52 4 37 7 39 22 42
101 65 97 88 112 99 102 83
3
23 44 18 35 18 29 22 29 44 9 64 17
117 101 142 116 134 134 149 111 140 123 146 113
161 134 176 152 179 145 196 122
11
130 200 108 190 81 190 92 182
53 88 55 111 82 107 75 130 46 125
109 184 100 170 102 186 103 191 127 176
134 162 153 156 170 133
119 185 113 178 94 174
188 167 182 146 179 153 166 142
165 44 150 35 122 29
17 177 35 162 8 159
39 107 57 92 35 112 21 91
18 52 5 37 5 14 28 11 57 17 78 26
154 193 161 170 142 188
14
153 151 170 173 159 194 168 177 185 184
171 52 162 39 152 32
96 151 72 159 59 152
23 3 23 25 37 0
181 80 179 106 191 132 181 144 160 132
2 5 6 6 4 14
144 123 126 105 139 100
154 112 129 109 144 114 129 113 117 130
197 147 182 167 171 156 151 138 142 157 147 137
133 143 144 167 150 189
101 92 87 79 99 64
42 164 65 169 78 190 62 183
72 85 98 82 112 73 96 91 89 99
161 177 146 174 154 148 171 146
18
138 119 111 114 104 117 86 102 89 80
128 128 152 127 165 128
94 106 99 91 118 111 121 136 111 120 108 129
141 192 152 168 179 157
87 145 81 144 71 120
49 192 30 199 2 200 3 183 4 163
124 135 135 130 138 134
73 111 74 111 68 116
136 176 152 193 162 184 170 200 190 182 180 181
147 194 127 174 130 166 105 166 84 153
162 150 159 159 146 170
185 22 183 35 163 30 151 44 135 20
60 112 51 86 34 65 16 51
119 132 128 119 126 109 109 110 108 109 90 118
3 200 14 186 40 182 38 168 21 154 17 152
117 66 116 57 98 61 87 66 98 71
57 162 64 136 78 127 64 116
19 29 33 46 49 66 40 86 42 106
11
44 40 16 40 21 18 5 2 20 8 32 28
35 168 14 167 20 183 18 194 24 187 22 196
37 17 8 16 35 24 46 21 46 42 70 27
151 84 158 60 158 89 160 117
131 54 140 74 121 90
61 120 57 108 46 114 21 111 40 120
60 180 83 194 112 190 105 173
64 27 71 11 54 11 37 34
23 155 44 138 30 163 4 165 12 147
65 168 57 141 79 146 80 125 104 130
122 64 118 88 125 82 129 66 145 53
5
5 57 14 46 21 26 32 30
123 76 136 73 129 71
183 64 192 74 175 91 180 110 189 82 200 80
135 42 122 35 121 53
159 47 150 69 124 80 138 102
3
92 126 75 104 64 102 47 96 36 119
128 4 157 2 161 12 181 1 162 18
167 180 139 183 162 194 172 183 179 186 165 161
14
428 175 428 149 401 125 403 158 360 154 347 172
356 383 371 384 355 340
497 95 492 79 455 99 479 121
330 194 305 169 277 136 256 122
102 326 92 301 102 254 119 238 105 265
366 102 413 98 393 60 363 33
292 477 250 450 226 468
451 288 445 283 399 279
242 418 218 415 188 426 147 444 123 415 83 398
181 60 206 34 214 25
137 313 134 314 98 296 95 331 67 350 36 370
483 137 495 128 485 96 472 137 494 171
459 473 426 450 464 431
324 417 336 457 381 470
12
460 41 482 1 450 6 436 5 416 13
326 372 347 355 306 328 301 310 276 279 264 318
322 210 353 189 382 185 378 148 346 183 359 158
42 118 45 151 45 116 68 80 93 115 66 75
387 296 417 256 375 279 386 269 416 249 461 266
287 440 240 452 271 469 258 462 297 491
255 342 218 325 184 307 163 282 196 285
220 412 190 397 195 364 168 336 194 302
12 59 48 32 49 44 13 78 13 70
170 452 179 405 217 411 205 451
328 78 328 42 353 38
146 211 108 235 108 198
5
321 425 311 433 304 388 321 408 353 436
79 221 59 193 74 180
319 41 293 58 269 83 271 65 266 42
19 53 34 24 74 31
418 25 437 50 460 7
12
210 399 199 375 184 381 203 345 211 351
31 496 70 487 83 475 84 433 73 473
336 266 300 287 268 296 275 338 256 297
469 473 458 458 438 442 461 419
449 289 425 320 402 335 379 327 415 360 438 321
301 417 276 451 283 444
48 437 56 401 15 393 63 392 107 373 76 404
404 392 400 389 413 355
220 149 192 147 160 113 169 159
189 159 144 166 171 138 218 126
314 188 283 158 288 191 320 211 315 251 342 271
251 199 293 205 331 187 352 144 307 164 314 165
6
466 185 442 205 435 227 451 250 435 271 463 274
389 38 360 62 323 94 331 67 294 58
88 205 115 189 97 158 93 165 76 118
98 189 120 221 84 200 98 176 101 192 104 197
375 357 380 329 380 326 385 288 350 285
29 162 6 199 29 234 62 243 43 224
10
180 496 227 486 245 488 204 462 188 430 191 476
204 482 198 436 220 455 257 428 239 398 277 408
429 59 441 53 433 98
299 462 327 468 335 429
149 149 106 137 99 186
189 493 163 484 188 473
304 339 312 359 308 317 309 279 315 246 289 205
341 193 338 168 360 167 354 195
140 377 158 334 178 335
254 420 266 440 227 416 256 408 295 413
15
435 499 435 459 398 489 424 447 450 458
205 32 227 10 215 38 226 51 213 65
479 378 437 379 470 349 432 349 425 302 464 286
292 387 304 396 305 348
151 340 164 374 149 383 138 383
47 252 36 265 67 229
444 95 449 83 427 73 444 72 420 41 394 57
192 446 211 404 231 398 215 359 191 330
79 444 93 492 90 446 63 404 47 387 52 426
298 446 298 467 287 449 301 494 331 476
23 98 61 91 89 105 72 66 104 94 106 142
166 126 150 156 127 165 95 147 105 127 121 154
397 207 419 206 397 202 358 201 374 178 329 199
137 276 124 234 84 257 49 266 63 277 23 294
402 221 431 229 462 214 487 201
20
69 268 37 242 7 282 21 303 43 287 66 311
127 422 159 448 147 418 139 378 147 382 111 348
136 233 156 258 176 302 153 266 134 246 125 202
64 421 92 430 91 476 48 484 46 464 48 445
182 162 146 150 109 155 110 170 153 169 202 163
314 40 299 11 300 34 294 50 318 88 360 62
243 40 225 6 203 45 195 17 234 2
378 45 336 30 301 26 334 34
268 290 293 247 333 244 294 221 301 201
82 139 69 175 57 165 70 198 75 240 95 255
381 11 394 20 367 55 396 86 362 68 344 52
254 64 283 96 247 87
81 30 60 21 56 11 38 57 25 87
392 303 373 295 385 281 386 247 407 292
47 379 59 368 73 330 82 333 52 301
290 107 266 111 264 76 297 106
404 57 409 52 412 8
124 137 85 166 118 190 164 185
281 78 320 59 345 40 381 51
6 457 27 489 34 448
16
31 495 76 486 96 474 85 455 58 437 56 471
463 191 464 153 479 199 485 243 482 263 475 270
324 404 332 400 343 369 375 392 394 431
123 253 90 237 54 236 21 209 17 211 40 171
257 213 246 192 279 157 241 179 212 194
337 72 309 56 316 26 298 37 275 17 232 41
81 478 61 451 77 460 68 416 59 400 81 395
110 58 81 86 102 129 114 140 125 181 163 176
119 486 138 447 117 471
346 23 343 18 329 66 350 71 362 59
467 414 441 433 433 480
130 473 135 457 92 471 61 495
230 254 201 283 204 279 174 247 194 208
183 324 217 317 257 287
37 303 34 276 68 270 65 284 102 289
484 347 488 300 462 260 441 288
16
451 337 472 309 447 341 457 311 484 299
63 9 75 3 31 4 12 45 53 62 80 58
73 99 93 121 101 106 127 107 151 96 145 84
156 32 166 37 154 84 147 92 120 92 89 67
272 22 299 21 261 20 240 54
460 176 488 149 480 128 473 102 473 128 435 114
230 342 273 354 246 317 254 272
475 3 487 35 483 31
241 346 265 348 294 331 310 323 289 285
288 98 305 95 315 143
211 424 163 417 161 414 155 438
240 343 216 320 232 343 268 364 244 343
392 321 370 361 349 347 363 338
131 465 172 447 209 443 242 455 259 493
168 125 169 141 136 139 173 169
391 185 344 188 369 166 390 182 390 148 415 153
6
37 398 29 436 59 426 104 431
80 337 111 347 134 360 160 328 199 346 219 305
109 148 118 141 100 185 54 167 71 153
130 457 100 479 139 470 117 481 140 473 161 499
491 14 494 49 480 20 435 29
443 64 450 64 457 99 410 108 444 94
1
9 134 26 168 9 204 50 208 96 218
11
126 306 139 260 104 246 63 245 68 248 28 240
4 175 12 139 38 138 19 177 5 189 1 181
234 270 262 243 249 226 230 196 237 209 247 243
256 51 276 62 276 112
288 177 313 146 330 121 345 120 377 114
447 255 412 263 379 283
242 483 213 497 183 464 194 452
272 46 249 75 207 72 235 38 231 68
118 32 141 30 168 68 139 107
234 260 277 236 259 264 297 283
41 252 64 223 46 223
2
294 46 321 20 271 20 231 46 234 56 200 86
496 31 451 15 477 33
19
6 150 13 128 17 127
296 44 336 52 375 44
168 79 202 47 211 17
415 317 446 305 433 343 391 370 372 378 361 377
285 113 317 80 281 84 294 69 269 65 226 48
124 462 138 417 115 450 79 434
5 496 54 498 80 478 68 462 51 462 64 470
34 5 70 29 69 36
116 305 159 280 145 273 171 272 151 265
58 154 94 177 95 139
87 375 47 365 62 399 41 403 17 411 16 458
89 438 66 400 71 376 47 385
121 391 130 342 108 366
434 263 456 257 470 235 481 257
7 406 15 420 26 381 13 355
308 453 301 490 298 491 306 448
449 152 407 177 405 203 429 180 459 173
19 17 35 55 67 74 61 49 60 39
330 73 342 28 332 72 359 93
6
393 397 389 438 414 465 376 496 401 462 380 443
131 88 175 103 214 105 208 57 181 71 160 85
216 278 252 308 215 338 246 305 203 316
472 488 482 451 473 489 436 499 433 452
377 351 373 330 350 373 331 335 322 377 337 397
398 100 432 110 468 141
11
44 267 43 280 81 248
44 343 21 325 37 358 86 363
301 245 269 276 309 276 352 277
437 454 481 457 438 434
93 346 96 385 101 336 118 334 76 334 46 319
94 424 49 445 57 424 52 412 90 398
317 396 328 407 282 418 267 399
345 132 370 118 398 82 373 90 393 88
452 484 432 479 406 443 380 435 426 436
230 371 234 352 217 307 183 297
68 331 37 370 1 372
17
31 311 16 312 29 344 36 391
151 12 142 28 136 39
459 4 463 8 466 36 446 10
263 447 226 480 265 471 266 449 312 452
217 83 179 98 168 80 150 125 133 171
340 92 384 81 362 102 372 105 371 124
283 18 246 48 241 46
168 240 156 204 172 167 162 166 126 169
407 94 435 113 451 129
290 28 286 53 269 33 291 66 332 82
380 204 405 225 386 242
187 297 174 252 165 245 158 259 133 278
236 206 197 237 195 275
258 421 279 440 319 431
445 257 475 218 499 257 470 230
283 134 313 97 321 140 312 174
33 271 53 297 66 309 97 290 93 269 61 235
12
250 78 241 66 227 86
157 170 132 170 136 144
481 59 472 80 452 64
248 108 268 98 273 50
264 160 255 193 262 151
465 450 443 440 450 458 467 470 486 425 496 403
420 201 418 232 394 199 434 170 415 197
62 301 15 306 0 307 12 317 14 363 55 347
121 430 150 447 155 401 174 373 167 375
72 363 93 377 84 401
5 446 5 440 27 452 13 494 14 475
275 36 244 4 271 13
5
210 437 194 443 179 415 174 377 169 364
246 110 281 78 294 43
50 65 53 52 72 77 30 104 6 90
386 64 390 24 345 14
88 327 129 335 127 356
5
-911 913 -891 896 -919 874
-490 -974 -463 -946 -508 -925
692 -402 728 -402 764 -419 744 -376 739 -347
189 942 157 973 155 937 115 919 121 920 112 871 112 831 117 857 124 867 125 853
512 978 544 996 536 980 518 978 495 974 460 939 451 969 459 995
12
-859 333 -841 337 -818 369 -866 360 -870 343 -863 326 -831 290
-579 346 -570 340 -553 366 -568 327
-88 -470 -47 -482 -14 -471
-71 927 -81 894 -65 875 -32 874 14 889 59 883 47 893 64 916 28 890
-478 -267 -522 -264 -494 -225 -507 -250 -478 -243 -474 -238 -482 -254
-528 -721 -537 -755 -537 -740
-175 360 -127 350 -148 361 -179 399
590 -169 616 -127 613 -85 571 -59 575 -85 546 -80 570 -77 532 -53
455 -266 484 -228 470 -245 484 -198 492 -181 459 -182 458 -223 439 -199
-839 -694 -872 -693 -844 -655 -864 -628 -833 -599
-637 327 -673 352 -646 358 -614 388 -605 399 -577 358 -537 375 -517 351 -493 348
200 -123 182 -126 194 -78 175 -96 130 -113 166 -96 192 -70 191 -31 213 -43
19
-719 277 -687 289 -698 263 -734 257 -713 256 -687 264 -659 264 -613 246 -634 272 -656 310
-329 456 -313 469 -329 492 -335 539 -375 526 -373 507 -389 492
665 -490 633 -453 603 -448 608 -418 629 -378
-143 -129 -125 -170 -153 -141 -152 -132 -159 -166 -166 -188 -132 -170 -103 -180
733 -115 703 -147 706 -125 701 -76 691 -54
-526 955 -495 917 -513 927 -532 887
744 606 766 589 792 598 772 581 759 581 775 549 783 566 810 548 771 523
330 999 287 982 296 964 331 969 325 967 312 933 356 916 397 907 370 934 392 960
-889 -2 -905 -24 -923 -34 -915 -11 -942 -1
-102 -749 -123 -729 -89 -763 -72 -731
575 -931 536 -937 571 -961 608 -980 612 -931
-17 -571 -50 -568 -44 -609 -29 -654 -48 -651 -55 -614 -77 -606 -65 -609 -85 -569 -45 -563
506 -219 552 -218 592 -244 547 -240 531 -254 518 -270 499 -274 501 -251 482 -270 490 -255
51 -700 88 -709 93 -691 101 -644 107 -658 120 -689 102 -713
-456 -767 -445 -811 -466 -833 -509 -841 -472 -839 -442 -860 -434 -874 -447 -887 -459 -895 -414 -890
-631 599 -631 647 -670 660 -719 654
71 125 88 115 70 141 63 98 57 62 60 29 85 16 100 20 138 44
609 210 581 196 580 232 620 253 634 253 669 234 718 239
217 -526 241 -543 219 -523 248 -498 217 -499
23
6023 -151 6022 -147 6023 -148 6022 -145 6021 -141 6019 -140
4543 1271 4544 1275 4547 1272 4543 1269 4541 1266 4539 1266 4539 1268 4540 1268 4539 1269 4539 1271
-8449 9115 -8447 9115 -8448 9111 -8446 9114 -8446 9116 -8447 9113 -8447 9114 -8446 9117 -8443 9121
2351 -4655 2348 -4659 2349 -4659 2352 -4660 2351 -4662 2351 -4661 2350 -4661 2346 -4659
-1793 8106 -1795 8108 -1792 8108 -1788 8105 -1790 8104 -1793 8105 -1795 8106
-1530 -873 -1528 -870 -1528 -868
1007 -7208 1004 -7208 1007 -7204 1007 -7206
201 5647 205 5647 206 5646 207 5644
9804 -3203 9802 -3200 9799 -3198 9802 -3201 9799 -3201 9797 -3200 9799 -3196 9803 -3197 9806 -3200 9806 -3202
387 -3781 390 -3779 389 -3780 392 -3779 394 -3776
9221 2017 9220 2016 9217 2020 9214 2021 9219 2021
3343 -2085 3340 -2083 3343 -2087 3341 -2091 3344 -2087 3346 -2090 3342 -2091 3347 -2091
7427 3034 7431 3037 7427 3037 7429 3041 7432 3041 7434 3038
3872 -148 3873 -147 3872 -150 3867 -150 3863 -153 3864 -151 3862 -150 3862 -146
7211 -9236 7210 -9238 7213 -9241 7212 -9242 7207 -9242 7208 -9245 7204 -9244
7852 -8618 7853 -8621 7850 -8618 7845 -8618 7849 -8615 7854 -8615
9978 8677 9976 8675 9976 8677 9977 8677 9974 8679 9978 8682 9982 8680 9982 8676 9984 8675 9982 8671
-242 5079 -238 5076 -234 5075 -238 5078
4078 -8381 4078 -8380 4079 -8383 4077 -8380
9744 -9810 9740 -9811 9736 -9811 9734 -9809 9731 -9807 9729 -9807 9726 -9808 9726 -9805
-4622 -4349 -4626 -4347 -4627 -4347 -4630 -4343 -4633 -4345
3845 -3964 3848 -3965 3846 -3965 3847 -3969 3850 -3971 3850 -3972 3853 -3971 3855 -3967
1505 655 1502 653 1503 651 1499 649 1497 650 1500 652 1496 654 1492 657 1493 655 1491 658
16
936 -6370 936 -6366 937 -6367 938 -6371 933 -6371 933 -6372 931 -6369
-5166 -1260 -5163 -1257 -5165 -1258
9156 -5264 9152 -5262 9156 -5263 9157 -5267
-4612 -7747 -4610 -7743 -4608 -7744 -4611 -7748
9074 -3140 9071 -3137 9071 -3136 9068 -3136 9069 -3134 9069 -3133 9067 -3129 9071 -3128 9071 -3132 9068 -3130
3144 7488 3146 7491 3147 7495 3149 7499 3147 7496 3144 7495 3146 7497 3142 7494
5364 4047 5362 4044 5365 4046
258 -5552 256 -5554 259 -5556 261 -5555 260 -5557 264 -5554
-3062 -1044 -3066 -1046 -3068 -1049 -3072 -1046 -3073 -1046 -3070 -1043 -3073 -1042
-7449 857 -7446 854 -7445 857 -7449 860
7749 -7395 7749 -7400 7745 -7400 7744 -7401 7740 -7404
2856 -6307 2852 -6307 2850 -6310 2851 -6314 2849 -6317 2850 -6320 2854 -6320 2856 -6319 2853 -6316
-4300 7587 -4296 7587 -4294 7586 -4294 7583 -4290 7583 -4289 7585 -4291 7588
-5885 -3823 -5886 -3823 -5887 -3821 -5883 -3822 -5882 -3820 -5882 -3824 -5880 -3828 -5881 -3831
-6564 -5043 -6567 -5040 -6564 -5038 -6563 -5035
-2466 4374 -2465 4374 -2462 4370
14
4036 -2309 4037 -2306 4036 -2308 4035 -2311 4035 -2315 4037 -2315 4036 -2313 4040 -2312 4043 -2314
-9620 -5553 -9620 -5558 -9624 -5555 -9624 -5556 -9627 -5553 -9625 -5552 -9628 -5548
5833 1971 5834 1970 5837 1970 5837 1968 5838 1966 5835 1963 5835 1962
-3830 -2543 -3831 -2546 -3829 -2542 -3832 -2539 -3836 -2539 -3839 -2537 -3836 -2540 -3839 -2539 -3838 -2543
653 1657 656 1653 654 1654 652 1650 652 1652 649 1652
-4048 1114 -4046 1112 -4046 1116 -4047 1115 -4049 1114
7607 3499 7609 3502 7609 3504 7606 3506 7608 3502 7608 3501 7606 3501 7607 3500 7606 3497 7605 3493
9991 -8960 9995 -8962 9992 -8964 9987 -8964 9989 -8963 9986 -8961 9987 -8963 9986 -8962 9982 -8959
5479 -857 5477 -861 5481 -861 5482 -857 5485 -858 5483 -855
-8240 8480 -8241 8482 -8242 8486 -8244 8482 -8242 8478
2598 5510 2597 5512 2600 5513 2596 5515 2593 5516 2592 5513 2593 5513
-3017 1884 -3013 1885 -3017 1886
1714 -4747 1715 -4747 1713 -4743 1715 -4739 1713 -4736 1711 -4740
-1365 -3168 -1362 -3166 -1365 -3162 -1366 -3159 -1369 -3162
4
-4617 -3790 -4622 -3790 -4618 -3794 -4610 -3794 -4609 -3792
-9842 -5515 -9840 -5506 -9837 -5506 -9835 -5500 -9832 -5502 -9827 -5509 -9824 -5515 -9822 -5521 -9822 -5528
3863 6019 3859 6018 3852 6017 3854 6013
5505 -6462 5507 -6471 5515 -6472 5522 -6467 5529 -6465 5528 -6468 5532 -6477 5525 -6474 5516 -6472 5508 -6478
8
8506 4938 8508 4933 8500 4934 8491 4934
-8305 -788 -8302 -795 -8307 -801 -8313 -799 -8313 -789 -8309 -782 -8316 -782 -8310 -778
5885 5558 5887 5551 5888 5544 5883 5545 5874 5543 5879 5544 5882 5543 5891 5539
8396 6894 8388 6889 8394 6885
1395 9805 1396 9803 1400 9811 1400 9808 1402 9815
-8887 4252 -8894 4257 -8901 4250 -8895 4248 -8896 4250 -8891 4246 -8887 4242 -8885 4245
776 -762 769 -763 779 -763 780 -766 779 -758 773 -752 769 -752 767 -750
2800 9759 2796 9752 2794 9746 2801 9749 2794 9744 2786 9743
24
-2655 -4333 -2649 -4335 -2656 -4341 -2660 -4334 -2667 -4327 -2675 -4321 -2674 -4315 -2671 -4313
431 -9698 428 -9695 434 -9692 428 -9694 425 -9693
-7389 -4805 -7391 -4800 -7391 -4803 -7397 -4795 -7391 -4797 -7385 -4794 -7393 -4790 -7402 -4789 -7408 -4784 -7408 -4788
-5159 2750 -5151 2756 -5159 2754 -5169 2754 -5175 2751 -5173 2745 -5172 2740
-8810 -362 -8816 -367 -8816 -359 -8822 -352
-9623 8969 -9629 8961 -9631 8965 -9639 8963 -9646 8964 -9638 8969 -9636 8968 -9639 8976 -9632 8972
3156 574 3155 571 3153 573 3159 565 3150 567 3157 564 3154 558 3161 564
-1849 5358 -1840 5358 -1832 5356 -1831 5359
7593 -9339 7601 -9340 7594 -9341 7594 -9346 7587 -9348 7591 -9347 7595 -9351 7600 -9349 7606 -9343 7600 -9337
-3605 -185 -3607 -180 -3611 -174 -3611 -167 -3616 -169 -3610 -176 -3613 -180 -3621 -186
2989 4415 2982 4417 2982 4421 2984 4418 2988 4418 2986 4423 2989 4423 2998 4427 2997 4420 3004 4416
-9012 -1551 -9021 -1554 -9025 -1547
-6676 -2740 -6680 -2742 -6684 -2733 -6678 -2730 -6682 -2737
-9900 -3547 -9906 -3547 -9904 -3548 -9911 -3553 -9913 -3556
2860 697 2857 691 2855 684 2859 683 2859 679 2865 675 2862 670 2867 678 2869 673
3089 5347 3082 5350 3087 5350 3089 5358 3097 5353 3104 5353
-1598 6843 -1594 6848 -1598 6849 -1596 6847 -1600 6849 -1608 6855
-21 5950 -24 5948 -26 5940 -25 5934 -20 5929 -15 5929 -19 5936 -17 5941 -8 5942
4311 7062 4317 7062 4310 7059 4307 7067
8090 -1413 8090 -1412 8092 -1421 8096 -1417 8091 -1425
4071 4241 4075 4232 4074 4238 4074 4245 4069 4244 4062 4241
-3036 2465 -3029 2459 -3033 2467 -3030 2463 -3026 2455
1787 -7263 1788 -7256 1795 -7251 1794 -7259 1792 -7268 1796 -7274
5053 -6687 5053 -6697 5055 -6702 5046 -6700 5050 -6704 5044 -6702 5038 -6694 5046 -6690 5044 -6685
36
-6518 22 -6518 25 -6494 58 -6513 13 -6501 -30 -6539 -17
4962 -4582 4978 -4589 4959 -4552 4923 -4554 4916 -4597
2591 -1685 2607 -1648 2621 -1649 2618 -1642 2661 -1620 2660 -1632 2691 -1627 2665 -1657 2700 -1683
4531 351 4564 375 4576 422 4560 383 4570 414 4545 424 4516 417 4494 434 4467 413
5812 4254 5840 4278 5864 4247
7977 -7661 7969 -7616 8006 -7632 7990 -7612 8012 -7573 8013 -7569 8061 -7580
-1486 -6918 -1503 -6913 -1547 -6925 -1575 -6888 -1578 -6912 -1551 -6940 -1570 -6966
6975 8754 6942 8786 6913 8753
-5700 5418 -5696 5418 -5714 5454
9769 -2109 9796 -2105 9773 -2117 9800 -2148 9824 -2106 9845 -2096 9829 -2083
8607 684 8608 699 8605 691 8598 684
-2922 4489 -2947 4509 -2931 4497
6884 2413 6895 2440 6931 2418 6969 2406 6992 2389
-1271 7706 -1282 7682 -1324 7677 -1328 7677 -1351 7694
1305 6975 1330 6941 1331 6960 1353 6990 1360 6956 1374 7001
-8493 9 -8511 -13 -8503 -60 -8517 -86 -8473 -88 -8497 -81 -8486 -65 -8475 -70 -8443 -81 -8457 -65
-9189 -7520 -9181 -7558 -9188 -7518
1628 7439 1608 7484 1608 7511
-8824 6024 -8845 6002 -8845 6011 -8861 6057 -8865 6016 -8885 6039 -8868 6053 -8867 6084
-5745 -8973 -5742 -9006 -5739 -9047 -5759 -9031 -5757 -9071 -5789 -9057 -5779 -9096 -5805 -9079
7975 -5335 7981 -5333 7960 -5293 7973 -5326 7980 -5359 8004 -5360 8046 -5359
-2148 -1374 -2159 -1411 -2165 -1455
504 -5023 504 -4985 500 -4978 491 -4961
7895 -6440 7929 -6412 7941 -6460 7960 -6420 7967 -6436 7963 -6431 7963 -6452 7933 -6483 7909 -6440
7423 645 7391 625 7406 589 7403 566 7378 590 7361 559 7361 558 7395 546 7401 507
1368 -7620 1322 -7624 1357 -7636 1366 -7633 1403 -7665 1451 -7675
-5610 2543 -5608 2567 -5588 2612
3560 4818 3604 4811 3567 4797 3565 4752 3574 4723 3529 4705 3545 4716 3548 4726 3544 4727 3526 4752
-8162 3572 -8180 3560 -8198 3577 -8233 3568 -8250 3595
-4803 87 -4776 117 -4746 87 -4725 99 -4730 131 -4735 160 -4724 166 -4745 207 -4791 218
5640 6665 5609 6693 5629 6722 5634 6692 5651 6671 5678 6658
-7819 8979 -7803 9019 -7800 9020
-9135 9341 -9132 9315 -9158 9307
-9019 -6456 -9009 -6474 -9042 -6487
-7704 1870 -7664 1847 -7685 1811 -7713 1792 -7715 1763 -7738 1739 -7763 1721 -7782 1743 -7800 1714
6933 2290 6936 2277 6941 2288 6968 2254 6981 2245 6937 2259
30
5311 2453 5343 2368 5323 2317 5384 2360 5410 2272 5332 2217 5284 2144
-394 -2634 -348 -2579 -401 -2613 -392 -2557 -392 -2487 -452 -2469 -409 -2500 -499 -2494
-3833 3435 -3785 3385 -3712 3378 -3763 3461 -3831 3508 -3894 3536 -3904 3489 -3906 3391
583 -1226 621 -1248 656 -1322 706 -1331 755 -1286 660 -1284 626 -1219 583 -1211 648 -1175 571 -1184
-55 3643 -98 3688 -140 3709 -142 3683
-4640 -2937 -4588 -2919 -4661 -2894 -4694 -2824 -4698 -2802 -4742 -2755
8185 -1740 8120 -1759 8178 -1698
-8357 -7513 -8353 -7422 -8368 -7475 -8453 -7444 -8429 -7490 -8506 -7485
-3740 776 -3714 868 -3619 865 -3619 919 -3703 951 -3760 926 -3797 891
-6819 7540 -6737 7568 -6742 7641 -6814 7663
-1622 -2590 -1526 -2575 -1608 -2605 -1611 -2654 -1611 -2602 -1619 -2603 -1671 -2588 -1711 -2574
-7940 -110 -7948 -62 -7897 9 -7918 104 -8017 105 -7973 163 -8065 160
-81 -7265 -145 -7218 -63 -7256
-9385 8569 -9411 8596 -9397 8540 -9352 8539
2587 5643 2620 5612 2637 5584 2553 5610 2492 5660
-2163 -750 -2129 -843 -2103 -785
5358 -8907 5392 -8991 5403 -9043 5335 -9002 5340 -8933 5365 -8938
-1144 -1882 -1223 -1889 -1267 -1845 -1267 -1757
275 4265 295 4267 247 4231
-4426 -2871 -4380 -2903 -4358 -2828
3298 -3151 3280 -3235 3317 -3196 3349 -3133 3354 -3113
-481 -1446 -433 -1477 -474 -1513 -540 -1560 -616 -1498 -572 -1483 -654 -1473 -619 -1466 -549 -1477 -538 -1401
-6545 -1434 -6577 -1373 -6635 -1356
3934 9071 3988 9135 3935 9156 3901 9190
4651 -8076 4689 -7992 4762 -8051 4702 -8084 4654 -8168
1238 9195 1324 9163 1327 9081 1341 9125 1336 9173 1245 9208 1219 9200
6460 -134 6412 -185 6361 -258 6443 -214 6392 -270 6403 -285 6418 -304 6464 -238 6519 -155
9885 -8001 9835 -7966 9768 -7953 9837 -8008 9766 -8026 9786 -7977 9772 -7969 9751 -8064 9800 -8027
1881 3543 1855 3609 1774 3556 1761 3623 1709 3575 1647 3562 1629 3527 1583 3475 1659 3433 1682 3444
-7861 3567 -7865 3481 -7929 3499 -7873 3438 -7813 3361
0
