32
6197 947 6195 982 6155 1181 5580 1687 4705 1214 
6458 -7205 6371 -7144 4519 -7410 4405 -7563 4215 -8662 
4541 8792 2822 8248 595 5685 314 3579 402 3001 3735 -604 9810 2965 
2293 9943 2234 9936 2037 9510 2389 9370 2535 9478 2576 9561 2586 9601 
-4528 -9468 -4502 -9494 -4405 -9541 -4310 -9536 -4216 -9477 -4200 -9457 
8532 3012 8368 3034 8246 2970 8227 2950 8215 2934 8194 2899 8169 2776 8171 2758 8413 2541 8521 2563 
5299 3744 9051 3502 9430 4036 
-2940 1773 -2988 1849 -3250 2197 -3330 2287 -6515 3358 -9336 -581 -7313 -3244 -6153 -3536 -5032 -3438 -3859 -2889 
5306 1950 4638 1968 3164 1057 2817 153 2804 34 3147 -1300 6682 -1309 6901 -881 
9646 562 9093 2324 385 4140 
6778 -8726 6234 -8183 5864 -8123 5514 -8206 5202 -9682 5207 -9687 6267 -9922 6832 -9171 
-9388 4780 -9575 4658 -9387 4599 
7432 -1180 6624 190 2951 1933 -175 844 -1957 -2545 -1099 -5716 
-2363 4845 -2078 3563 -491 1965 -437 1941 524 1687 1253 1695 2471 2105 
-9863 -9695 -9869 -9687 -9953 -9724 -9948 -9744 -9911 -9770 -9892 -9769 -9891 -9769 -9872 -9759 -9855 -9723 
-4656 9699 -4965 9766 -4965 9766 -4833 9418 -4737 9444 -4686 9487 -4671 9507 
9796 7420 9779 7537 9066 8336 7733 7016 8025 6554 8480 6305 9595 6703 
-8308 6544 -8397 3936 -7791 3944 -6783 5209 
-8859 456 -8875 480 -8949 522 -9016 514 -9067 472 -9076 458 -9086 431 -9042 308 -8859 350 
3164 -6351 1337 -5209 1240 -5216 165 -5703 -271 -7855 -175 -8038 3005 -8109 
-6950 9138 -7971 9848 -8601 9184 -8587 8826 -8366 8441 -8270 8360 -7983 8225 -7961 8220 -7180 8453 
-5485 9177 -5717 9230 -6259 8854 -6098 8233 -5404 8193 -5260 8335 -5208 8426 
6351 6831 6337 6880 703 9709 -1545 7743 -1785 4192 -1363 3363 4879 2351 
7647 -49 7557 -58 8474 -1659 8683 -1139 
-3016 2118 -4818 3848 -6865 3782 -7048 3699 -7679 3279 -8591 1801 -7532 -1257 -5349 -1831 -3631 -949 -2998 72 
-250 4089 532 3175 3287 2634 
-121 -1237 -3055 -3018 -2127 -6075 1826 -5284 
8838 4681 8547 4525 8299 4137 8508 3364 9111 3145 9604 3368 9702 3486 
2218 -6727 2178 -6720 782 -8974 2149 -9537 3156 -8860 
1482 9567 1511 9469 1520 9463 1588 9456 
8063 3176 8012 3255 7934 3302 7910 3309 7662 3083 7668 3053 7697 2990 7706 2978 7716 2965 8067 3048 
-2948 -8773 -3131 -8547 -3417 -8627 -3453 -8681 -3363 -9025 -3220 -9070 -3164 -9065 -2995 -8956 -2994 -8955 -2946 -8818 
0
