19
150 166 129 153 116 146 102 141
196 94 181 114 175 130 163 123 157 95
177 171 186 167 195 153 195 141 192 137
151 65 145 43 158 42 165 35 176 37 186 55
119 139 118 158 127 165 135 160
3 39 13 64 9 68
140 197 159 192 159 173 133 181 158 186 130 186
167 143 153 162 159 175 174 156 199 150 181 149
141 75 138 51 125 73 114 64 91 77
4 121 11 93 15 114 30 124 27 126
89 174 105 192 107 187 118 180
161 127 140 112 150 124
138 70 150 91 165 71 188 88 188 71 162 70
191 192 173 174 177 152
11 82 39 80 59 100 76 77 93 85 94 63
10 101 32 90 14 98
139 60 131 35 131 23
10 81 19 54 5 35 7 46
80 26 81 16 66 36 92 32
0